##################################################计算报告##################################################

n = 7
t = 3
r = 4

*************************************使用公式*************************************
r = n - t;
BX - l = V;
W = Transport(B)Pl;
Nbb = Transpose(B)PB;
Qxx = Nbb^-1;
Qvv = Q - BNbb^-1Transport(B);

*************************************计算结果*************************************
X

------------------------Matrix------------------------
6.375     
7.028     
6.612     

V

------------------------Matrix------------------------
2.718     
0.003     
-0.004    
0         
-0.004    
-0.001    
-0.001    


*************************************中间变量*************************************
B

------------------------Matrix------------------------
1         0         0         
0         1         0         
1         0         0         
0         1         0         
-1        1         0         
-1        0         1         
0         0         -1        

l

------------------------Matrix------------------------
6.375     
7.025     
6.379     
7.028     
0.657     
0.238     
-6.611    

W

------------------------Matrix------------------------
8.125     
7.009     
2.713     


------------------------Matrix------------------------
6.375     
7.025     
6.379     
7.028     
0.657     
0.238     
-6.611    

Nbb^-1

------------------------Matrix------------------------
0.531     0.161     0.345     
0.161     0.776     0.105     
0.345     0.105     1.134     

Q

------------------------Matrix------------------------
1.1       0         0         0         0         0         0         
0         1.7       0         0         0         0         0         
0         0         2.3       0         0         0         0         
0         0         0         2.7       0         0         0         
0         0         0         0         2.4       0         0         
0         0         0         0         0         1.4       0         
0         0         0         0         0         0         2.6       

Qxx

------------------------Matrix------------------------
0.531     0.161     0.345     
0.161     0.776     0.105     
0.345     0.105     1.134     

Qvv

------------------------Matrix------------------------
0.569     -0.161    -0.531    -0.161    0.37      0.186     0.345     
-0.161    0.924     -0.161    -0.776    -0.615    0.056     0.105     
-0.531    -0.161    1.769     -0.161    0.37      0.186     0.345     
-0.161    -0.776    -0.161    1.924     -0.615    0.056     0.105     
0.37      -0.615    0.37      -0.615    1.415     -0.129    -0.24     
0.186     0.056     0.186     0.056     -0.129    0.425     0.789     
0.345     0.105     0.345     0.105     -0.24     0.789     1.466     


*************************************精度评定*************************************
Sigma0 = 1.296
3号点的中误差为：
0.944
4号点的中误差为：
1.141
3号点-->4号点的高差中误差为：1.541
（计算结果保留三位小数）
